199 383
878 847
100 149
892 515
765 117
884 114
352 772
408 785
465 351
212 829
423 465
936 929
774 296
347 640
766 193
799 717
295 50
596 558
262 684
678 81
25 959
422 490
933 993
320 959
823 780
253 654
861 589
318 640
154 276
940 757
678 901
930 218
621 421
253 755
1 786
771 358
730 375
923 463
533 382
518 644
113 156
201 711
564 588
628 500
938 100
783 285
629 919
970 163
849 818
618 197
698 487
971 405
536 222
89 732
659 492
728 741
96 338
567 525
484 554
630 162
53 358
613 664
934 448
502 502
28 596
288 581
107 967
142 471
605 590
562 341
531 382
57 914
837 189
575 684
937 428
900 376
903 622
253 274
130 136
627 431
620 679
807 264
661 815
587 643
309 84
401 566
779 112
91 133
172 737
697 396
226 987
133 241
275 409
901 601
155 722
621 46
965 612
783 914
490 784
669 737
