996 737
476 908
95 632
668 754
997 466
290 526
553 126
555 578
801 618
501 945
84 682
162 825
81 566
471 875
186 55
301 313
44 67
679 854
790 642
131 989
759 827
350 124
73 617
548 52
229 285
443 927
993 279
497 710
512 573
140 400
715 581
795 533
668 564
678 699
537 225
211 154
109 651
513 530
342 720
345 718
801 475
874 871
507 486
576 437
745 381
118 481
726 364
61 620
275 44
907 976
195 328
970 653
714 644
846 124
47 234
54 344
137 75
661 224
524 191
662 983
323 883
409 782
876 986
427 916
28 864
796 93
402 157
497 312
814 181
166 969
162 26
275 506
682 765
911 819
333 288
753 114
820 710
141 282
163 688
191 93
249 872
33 438
174 912
534 338
522 267
358 452
731 308
497 906
482 246
269 362
607 578
993 91
318 502
637 253
141 783
75 940
249 838
836 769
214 518
124 487
