427 469
409 912
292 144
771 745
707 996
937 1000
481 958
724 950
944 301
490 475
243 378
450 330
651 196
834 944
663 556
88 614
810 976
874 847
564 736
71 45
397 267
280 709
760 159
950 352
75 414
529 203
187 647
34 427
217 662
351 217
741 273
172 862
385 459
564 181
165 140
855 847
930 852
76 582
173 21
459 490
27 240
439 248
634 935
72 291
564 934
100 108
382 813
903 323
742 633
307 271
582 257
58 133
978 997
54 416
152 284
197 199
642 755
237 504
124 965
587 23
905 500
686 135
993 58
645 975
443 727
408 46
801 658
560 30
416 507
789 362
172 771
967 440
470 437
902 764
810 806
543 364
626 370
584 45
902 256
898 578
206 179
617 671
389 952
810 604
717 845
363 894
354 568
135 964
509 275
265 994
972 108
404 181
584 476
242 563
229 815
910 219
359 812
55 853
246 609
946 711
