524 576
188 349
833 33
547 722
315 753
724 113
246 958
21 736
577 559
400 25
658 300
593 91
849 488
472 918
900 48
2 122
545 137
429 334
203 794
3 32
452 526
156 62
661 332
578 8
924 889
561 146
799 121
225 167
62 160
913 315
69 746
845 327
69 924
57 619
487 135
967 740
391 360
851 45
588 173
708 591
168 190
804 318
703 73
282 663
86 142
777 0
940 476
982 305
643 440
560 279
853 729
722 487
542 404
401 657
290 385
57 220
613 962
114 478
930 359
680 690
295 525
889 942
958 595
804 753
430 975
590 598
689 744
789 917
150 185
741 989
517 493
270 293
774 775
73 758
790 424
155 949
223 811
937 682
122 369
388 153
268 725
660 28
125 181
694 93
673 279
670 180
328 843
296 239
662 791
528 24
492 710
951 847
335 2
301 959
160 727
265 907
102 561
584 703
206 231
526 891
