669 286
838 451
969 252
651 321
132 935
222 687
965 329
64 708
441 470
701 555
471 882
947 929
61 666
308 774
378 517
116 909
539 117
844 546
132 356
495 78
69 482
488 52
300 991
363 894
559 301
242 71
11 905
967 448
614 345
925 168
608 401
10 790
779 678
941 601
510 229
551 610
733 634
328 735
400 30
735 217
490 495
524 890
387 77
771 753
435 907
304 169
835 495
521 229
902 143
251 709
446 413
47 213
558 442
56 676
258 868
34 692
480 994
249 992
856 28
530 163
231 316
758 641
711 170
94 86
562 970
988 840
153 617
31 40
232 151
963 52
690 666
222 676
52 672
692 941
949 545
432 194
570 629
604 82
647 301
940 644
297 4
274 217
12 288
164 769
269 849
332 568
630 772
571 612
392 792
401 154
534 618
729 997
1000 167
363 266
597 600
764 939
806 71
377 856
820 238
694 687
