430 956
398 157
621 897
749 239
192 746
299 428
688 95
449 63
35 342
18 840
62 577
382 276
636 137
161 885
134 471
481 775
445 798
432 261
665 798
773 800
238 758
132 381
18 994
558 544
716 144
764 208
385 334
548 982
670 726
804 276
392 232
614 674
238 26
801 442
995 476
444 830
384 18
891 57
931 58
562 350
771 213
638 414
883 981
146 506
79 677
209 446
276 324
232 309
453 810
949 491
172 484
566 226
637 542
117 497
402 266
379 75
960 197
467 6
339 590
171 455
160 976
460 742
607 888
104 737
243 429
40 143
9 743
204 223
726 321
943 602
927 946
612 722
276 409
130 561
119 755
291 503
360 606
217 169
582 601
223 821
922 661
209 472
630 43
617 338
689 834
459 956
149 561
492 340
94 134
987 663
811 0
570 274
934 525
877 655
108 32
857 442
393 960
264 471
333 882
703 692
