392 708
930 141
581 963
75 92
650 644
644 581
867 133
285 4
953 243
805 609
960 215
356 39
925 905
8 225
899 432
464 689
406 567
926 204
849 300
439 370
661 120
641 482
51 892
513 43
334 378
164 622
688 25
860 684
822 356
312 955
848 457
584 281
651 417
90 218
484 968
728 818
247 157
898 563
226 670
942 126
554 286
517 444
440 569
367 937
96 623
350 89
830 234
725 936
62 787
687 162
229 931
676 906
657 48
965 958
262 677
996 184
686 923
729 411
895 3
748 526
263 825
796 17
614 87
97 668
232 0
170 3
780 427
618 505
423 633
137 360
931 764
33 38
748 426
561 897
651 402
115 660
420 124
762 499
737 400
692 525
2 213
363 734
744 925
777 35
866 225
430 214
833 412
583 223
295 981
352 178
968 982
678 40
938 435
963 508
849 25
327 138
735 983
402 571
890 782
545 890
