233 396
939 728
778 356
546 865
618 386
91 432
904 478
427 284
33 127
687 779
292 230
532 227
681 675
358 935
406 217
870 896
215 394
55 813
823 797
667 316
129 935
864 767
229 64
142 8
917 685
898 350
508 22
292 945
294 536
512 47
795 196
107 361
646 334
409 119
385 501
602 302
777 431
854 656
640 584
281 916
280 854
508 420
221 479
210 423
179 681
661 733
941 376
878 482
163 331
673 326
888 976
595 697
545 502
656 147
298 398
171 314
931 569
689 278
978 901
158 608
107 833
595 453
59 417
367 725
288 147
925 934
216 901
374 506
681 516
201 755
902 442
572 776
981 98
790 256
830 222
56 855
261 230
652 601
95 702
184 152
549 538
939 15
154 961
304 606
407 139
59 287
17 271
113 941
480 516
646 574
174 645
1000 771
190 810
525 797
246 995
467 815
682 841
44 757
950 947
935 909
