572 510
551 754
615 166
68 938
188 996
416 999
170 715
171 502
754 870
544 726
899 589
433 339
163 23
435 288
926 297
266 458
719 925
840 884
283 279
256 946
529 765
548 251
247 392
745 981
769 689
215 947
819 455
444 623
896 882
904 777
301 879
624 518
113 572
640 464
426 234
527 917
114 178
108 209
440 468
186 94
823 382
158 45
31 347
494 172
924 989
322 632
14 160
340 865
88 953
391 233
392 665
941 549
860 82
722 446
30 79
398 547
718 136
588 122
133 716
507 973
645 525
871 738
961 264
840 625
284 56
930 544
762 472
712 250
891 680
173 543
765 849
434 211
854 263
778 687
440 853
190 120
879 74
449 69
244 78
648 50
381 368
418 144
919 39
181 39
532 522
371 406
621 97
282 601
353 359
14 465
72 328
688 176
535 482
213 360
683 129
637 967
883 272
716 914
633 228
183 35
