55 505
572 897
27 325
656 468
857 167
812 878
639 857
311 997
159 920
189 37
81 780
757 359
88 637
636 104
142 97
796 572
236 743
946 770
952 823
585 688
326 990
25 708
792 776
231 573
765 773
902 674
572 16
29 197
272 622
688 386
458 576
851 116
340 104
953 982
946 550
437 157
704 141
955 900
423 969
836 747
367 214
69 53
77 870
982 766
321 536
480 685
544 259
509 51
863 671
846 733
616 971
13 558
447 363
481 106
179 68
733 647
699 135
876 317
912 276
381 245
411 194
239 629
790 895
698 917
542 870
677 294
588 590
421 417
819 266
984 419
372 728
321 236
545 72
662 292
330 1
794 241
727 408
883 882
566 51
999 819
750 860
181 24
60 752
807 9
961 157
921 598
915 717
671 121
398 256
657 12
315 847
135 374
34 747
658 45
265 427
207 678
311 435
989 91
470 144
524 958
